252 0 0
252 4 0
252 8 0
252 12 0
252 16 0
252 20 0
252 24 0
252 28 0
252 32 0
252 36 0
252 40 0
252 43 0
252 47 0
252 51 0
252 55 0
252 59 0
252 63 0
252 67 0
252 71 0
252 75 0
252 79 0
252 83 0
252 87 0
252 91 0
252 95 0
252 99 0
252 103 0
252 107 0
252 111 0
252 115 0
252 119 0
252 123 0
252 127 0
252 130 0
252 134 0
252 138 0
252 142 0
252 146 0
252 150 0
252 154 0
252 158 0
252 162 0
252 166 0
252 170 0
252 174 0
252 178 0
252 182 0
252 186 0
252 190 0
252 194 0
252 198 0
252 202 0
252 206 0
252 210 0
252 214 0
252 217 0
252 221 0
252 225 0
252 229 0
252 233 0
252 237 0
252 241 0
252 245 0
252 249 0
252 252 0
250 252 0
248 252 0
246 252 0
244 252 0
242 252 0
240 252 0
238 252 0
236 252 0
234 252 0
232 252 0
230 252 0
228 252 0
226 252 0
224 252 0
222 252 0
220 252 0
218 252 0
216 252 0
214 252 0
212 252 0
210 252 0
208 252 0
206 252 0
204 252 0
202 252 0
200 252 0
198 252 0
196 252 0
194 252 0
192 252 0
190 252 0
188 252 0
186 252 0
184 252 0
182 252 0
180 252 0
178 252 0
176 252 0
174 252 0
172 252 0
170 252 0
168 252 0
166 252 0
164 252 0
162 252 0
160 252 0
158 252 0
156 252 0
154 252 0
152 252 0
150 252 0
148 252 0
146 252 0
144 252 0
142 252 0
140 252 0
138 252 0
136 252 0
134 252 0
132 252 0
130 252 0
128 252 0
126 252 0
125 252 2
124 252 6
123 252 10
121 252 14
120 252 18
119 252 22
118 252 26
117 252 30
116 252 34
115 252 38
114 252 42
113 252 45
112 252 49
111 252 53
110 252 57
109 252 61
108 252 65
107 252 69
106 252 73
105 252 77
104 252 81
103 252 85
101 252 89
100 252 93
99 252 97
98 252 101
97 252 105
96 252 109
95 252 113
94 252 117
93 252 121
92 252 125
91 252 129
90 252 132
89 252 136
88 252 140
87 252 144
86 252 148
85 252 152
84 252 156
82 252 160
81 252 164
80 252 168
79 252 172
78 252 176
77 252 180
76 252 184
75 252 188
74 252 192
73 252 196
72 252 200
71 252 204
70 252 208
69 252 212
68 252 215
67 252 219
66 252 223
65 252 227
63 252 231
62 252 235
61 252 239
60 252 243
59 252 247
58 252 251
60 249 252
63 245 252
66 241 252
69 237 252
72 233 252
75 229 252
79 225 252
82 221 252
85 217 252
88 214 252
91 210 252
94 206 252
97 202 252
100 198 252
103 194 252
106 190 252
109 186 252
112 182 252
115 178 252
118 174 252
121 170 252
124 166 252
127 162 252
130 158 252
133 154 252
136 150 252
139 146 252
142 142 252
145 138 252
149 134 252
152 130 252
155 127 252
158 123 252
161 119 252
164 115 252
167 111 252
170 107 252
173 103 252
176 99 252
179 95 252
182 91 252
185 87 252
188 83 252
191 79 252
194 75 252
197 71 252
200 67 252
203 63 252
206 59 252
209 55 252
212 51 252
216 47 252
219 43 252
222 40 252
225 36 252
228 32 252
231 28 252
234 24 252
237 20 252
240 16 252
243 12 252
246 8 252
249 4 252
252 0 252
